function y = my_fun(x)
r=x;
abc=[-40428538543995.5,-2.55362275951998e+34,-2.48856441620449e+55];
a=abc(1);
b=abc(2);
c=abc(3);

% y = r.^3-2*x-5+10;
y=r^2;
% r^8+a*r^6+b*r^3+c;